Heuristic 1  = True------Heuristic 2  = True-----------2019-02-23 02:04:52.671364

[15]



Heuristic 1  = False------Heuristic 2  = False-----------2019-02-23 22:20:17.184653

[15, 24, 146, 17, 60, 41, 29, 19, 15, 41, 105, 14, 15, 16, 35, 164, 20, 60, 17, 31, 22, 22, 130, 27, 22, 57, 21, 43, 17, 33, 30, 20, 33, 21, 307, 72, 37, 40, 17, 36, 290, 33, 13, 38, 168, 61, 23, 22, 205, 22, 12, 14, 43, 19, 58, 237, 19, 29, 31, 143, 212, 44, 20, 24, 22, 41, 30, 26, 23, 12, 559, 14, 119, 131, 45, 21, 23, 38, 45, 57, 51, 84, 24, 69, 35, 15, 72, 22, 23, 32, 164, 15, 41, 23, 34, 39, 17, 19, 86, 23, 23, 35, 20, 24, 22, 11, 15, 107, 363, 31, 75, 19, 40, 20, 25, 20, 31, 17, 58, 40, 19, 15, 108, 34, 16, 126, 40, 21, 81, 55, 33, 31, 26, 78, 16, 22, 11, 14, 70, 89, 36, 40, 43, 19, 58, 91, 26, 75, 19, 37, 16, 36, 62, 66, 14, 26, 27, 24, 13, 17, 12, 18, 20, 71, 17, 54, 39, 32, 101, 36, 58, 155, 29, 48, 56, 25, 28, 74, 35, 19, 44, 23, 29, 64, 15, 14, 25, 20, 21, 124, 352, 49, 55, 20, 60, 12, 18, 53, 118, 90, 20, 34, 57, 36, 19, 14, 44, 167, 39, 46, 24, 179, 24, 10, 50, 17, 90, 16, 29, 40, 72, 52, 26, 27, 26, 13, 54, 25, 127, 40, 17, 67, 16, 48, 201, 30, 72, 20, 83, 17, 25, 34, 29, 149, 131, 92, 30, 40, 30, 69, 20, 310, 12, 12, 17, 62, 16, 62, 187, 401, 43, 130, 35, 12, 17, 35, 41, 163, 46, 26, 18, 49, 28, 19, 33, 19, 29, 27, 15, 18, 57, 140, 251, 39, 31, 26, 12, 45, 64, 11, 22, 32, 75, 18, 23, 8, 28, 41, 120, 74, 10, 146, 26, 57, 39, 93, 98, 25, 16, 17, 90, 14, 12, 31, 27, 37, 44, 21, 76, 15, 90, 100, 60, 15, 311, 176, 20, 14, 33, 12, 78, 34, 148, 31, 258, 13, 34, 13, 199, 18, 32, 21, 14, 14, 16, 35, 69, 186, 16, 22, 87, 42, 44, 23, 22, 35, 78, 20, 65, 33, 52, 118, 18, 33, 53, 18, 41, 156, 19, 49, 145, 24, 15, 62, 20, 21, 24, 32, 17, 16, 16, 17, 27, 19, 52, 115, 116, 90, 14, 185, 142, 24, 257, 68, 9, 28, 88, 30, 94, 431, 13, 53, 37, 22, 37, 21, 22, 48, 45, 140, 11, 68, 19, 38, 69, 14, 53, 41, 80, 16, 27, 100, 25, 72, 11, 45, 10, 23, 33, 16, 28, 29, 65, 12, 24, 21, 43, 15, 20, 17, 41, 81, 122, 12, 127, 69, 13, 18, 19, 28, 84, 989, 10, 38, 50, 76, 147, 23, 9, 22, 131, 18, 27, 49, 113, 63, 35, 170, 32, 34, 21, 31, 10, 36, 45, 23, 12, 13, 47, 43, 15, 64, 369, 18, 30, 113, 18, 25, 92, 11, 90, 93, 13, 59, 251, 77, 92, 36, 21, 49, 10, 20, 716, 102, 58, 67, 29, 30, 31, 61, 29, 29, 28, 43, 119, 16, 58, 15, 109, 13, 18, 8, 12, 17, 20, 82, 25, 98, 76, 27, 38, 68, 72, 26, 11, 15, 103, 23, 42, 32, 57, 17, 20, 29, 296, 22, 12, 29, 42, 12, 60, 8, 85, 21, 19, 97, 90, 38, 6, 52, 17, 45, 50, 9, 60, 42, 26, 167, 12, 14, 41, 145, 27, 48, 58, 124, 10, 317, 44, 714, 49, 16, 104, 24, 47, 124, 22, 114, 60, 88, 14, 75, 10, 19, 22, 36, 31, 48, 34, 33, 16, 10, 34, 40, 34, 35, 136, 27, 13, 88, 30, 32, 77, 16, 97, 51, 32, 29, 49, 38, 17, 60, 16, 31, 23, 20, 73, 16, 70, 20, 74, 62, 10, 31, 12, 12, 15, 84, 11, 45, 13, 14, 20, 41, 9, 26, 50, 20, 20, 17, 31, 16, 17, 348, 25, 50, 25, 89, 163, 25, 29, 45, 251, 106, 15, 145, 26, 85, 21, 26, 11, 46, 39, 53, 28, 120, 127, 16, 155, 28, 209, 16, 14, 265, 26, 42, 803, 101, 25, 180, 16, 44, 50, 15, 61, 29, 179, 184, 16, 37, 26, 21, 54, 38, 44, 33, 125, 36, 97, 77, 23, 18, 25, 34, 10, 67, 20, 26, 37, 24, 63, 47, 13, 94, 52, 141, 35, 51, 106, 20, 128, 171, 102, 39, 210, 30, 14, 29, 233, 227, 97, 14, 23, 69, 18, 35, 95, 46, 80, 65, 88, 74, 11, 207, 20, 31, 34, 105, 72, 12, 36, 69, 75, 50, 97, 237, 8, 45, 26, 44, 81, 64, 73, 26, 162, 20, 36, 179, 37, 99, 242, 18, 120, 98, 11, 77, 96, 24, 118, 194, 73, 17, 15, 36, 18, 74, 344, 29, 24, 64, 29, 56, 141, 100, 96, 49, 31, 19, 379, 28, 14, 167, 787, 18, 21, 41, 12, 22, 159, 34, 84, 135, 59, 119, 62, 79, 10, 97, 33, 70, 113, 17, 36, 10, 19, 66, 20, 56, 25, 90, 64, 31, 85, 20, 82, 39, 29, 34, 26, 42, 18, 125, 62, 13, 18, 37, 36, 108, 36, 86, 58, 12, 118, 39, 57, 87, 64, 66, 34, 93, 10, 42, 35, 33, 50, 10, 76, 22, 16, 35, 40, 90, 14, 14, 19, 52, 21, 24, 44, 20, 89, 25, 48, 23, 29, 123, 35, 34, 15, 21, 47, 72, 143, 207, 105, 34, 62, 41, 30, 103, 21, 14, 11, 25, 19, 174, 20, 27, 16, 11, 14, 39, 28, 43, 135, 18, 44, 34, 13, 27, 150, 103, 61, 71, 93, 58, 28, 14, 122, 31, 189, 36, 16, 25, 121, 24, 76, 68, 44, 38, 56, 192, 29, 107, 113, 74, 61, 42, 54, 34, 50, 60, 25, 146, 48, 77, 109, 48, 83, 143, 64, 27, 47, 17, 216, 68, 41, 24, 96, 56, 280, 49, 45, 52, 28, 68, 45, 10, 28, 124, 13, 198, 24, 14, 41, 15, 50, 41, 33, 54, 31, 51, 52, 24, 17, 81, 13, 18, 36, 22, 205]



Heuristic 1  = True------Heuristic 2  = False-----------2019-02-24 01:13:02.655634

[60, 27, 26, 27, 117, 34, 76, 22, 75, 367, 223, 41, 77, 33, 50, 677, 14, 40, 32, 16, 31, 62, 543, 23, 55, 75, 53, 4108, 30, 38, 94, 79, 45, 40, 878, 2951, 30, 308, 40, 123, 20706, 21, 24, 18, 181, 33, 59, 26, 79, 331, 35, 19, 88, 34, 104, 38, 26, 24, 67, 1553, 97, 40, 34, 28, 21, 125, 29, 150, 25, 24, 4008, 15, 106, 50, 34, 22, 42, 23, 74, 61, 25, 463, 32, 67, 60, 10, 39, 92, 106, 173, 176, 47, 78, 19, 14, 206, 25, 172, 69, 26, 16, 43, 214, 12, 35, 31, 15, 1789, 7439, 62, 90, 24, 93, 79, 117, 31, 28, 36, 34, 24, 62, 1766, 1335, 111, 18, 71, 38, 100, 51, 986, 18, 70, 127, 178, 23, 28, 91, 51, 274, 209, 51, 54, 38, 29, 50, 433, 20, 941, 703, 36, 46, 338, 159, 385, 40, 23, 230, 59, 51, 64, 40, 41, 25, 22, 48, 160, 141, 18, 1034, 76, 32, 195, 359, 20, 710, 32, 16, 21, 79, 22, 75, 842, 31, 7, 21, 163, 12, 99, 28, 280, 13, 18, 36, 24, 47, 53, 52, 219, 1373, 2240, 19, 51, 352, 39, 41, 45, 124, 805, 106, 19, 16, 65, 104, 57, 246, 464, 268, 30, 30, 169, 566, 31, 51, 14, 45, 82, 46, 30, 132, 124, 93, 323, 24, 340, 935, 28, 260, 12, 508, 89, 30, 33, 176, 128, 39, 4046, 46, 31, 25, 105, 34, 1143, 11, 196, 37, 36, 17, 30, 40, 2744, 82, 31, 72, 27, 51, 17, 501, 113, 712, 49, 53, 46, 67, 26, 98, 19, 1342, 151, 32, 185, 719, 849, 14, 26, 45, 58, 147, 43, 485, 53, 25, 37, 829, 35, 11, 15, 57, 14, 732, 34, 65, 1014, 26, 58, 93, 348, 231, 51, 70, 37, 19, 57, 13, 170, 819, 538, 49, 14, 29, 264, 588, 1171, 350, 32, 5670, 796, 72, 39, 62, 157, 78, 37, 639, 39, 746, 104, 95, 589, 2775, 43, 36, 14, 27, 38, 29, 57, 279, 738, 43, 33, 239, 63, 32, 29, 79, 58, 85, 43, 32, 23, 144, 52, 29, 26, 704, 12, 121, 1225, 29, 63, 156, 47, 16, 621, 44, 37, 307, 33, 28, 20, 21, 10, 19, 74, 26, 340, 69, 154, 12, 487, 752, 79, 779, 340, 13, 477, 47, 13, 255, 1036, 16, 260, 56, 15, 196, 237, 16, 114, 40, 807, 14, 84, 35, 366, 69, 27, 130, 44, 563, 51, 29, 181, 23, 895, 15, 24, 359, 18, 109, 49, 25, 21, 334, 37, 210, 14, 21, 60, 36, 17, 52, 4131, 582, 63, 47, 230, 181, 23, 51, 31, 788, 5220, 22, 30, 214, 233, 47, 277, 25, 16, 315, 15, 18, 88, 384, 39, 1982, 395, 27, 90, 20, 72, 844, 616, 124, 15, 124, 543, 521, 16, 104, 140, 6960, 65, 330, 35, 52, 22, 313, 23, 337, 16, 17, 116, 6786, 389, 491, 26, 1320, 111, 22, 23, 38, 443, 51, 471, 81, 269, 53, 356, 91, 37, 34, 817, 316, 30, 13, 36, 252, 52, 20, 12, 31, 11, 39, 17, 35, 482, 61, 55, 52, 29, 60, 67, 36, 52, 617, 40, 20, 38, 76, 67, 11, 58, 22, 105, 57, 41, 1629, 10, 455, 49, 160, 54, 34, 626, 221, 63, 15, 45, 41, 37, 2879, 31, 613, 69, 39, 63, 79, 43, 322, 55, 26, 48, 187, 1881, 29, 1207, 14, 3085, 56, 13, 37, 31, 50, 440, 37, 7, 234, 34, 343, 1098, 16, 214, 118, 20, 26, 23, 87, 285, 20, 66, 219, 27, 91, 322, 899, 30, 32, 283, 16, 498, 21, 16, 448, 353, 135, 21, 29, 90, 25, 54, 49, 47, 36, 34, 82, 59, 11, 31, 206, 312, 32, 104, 40, 22, 125, 47, 25, 139, 26, 16, 13, 43, 16, 23, 55, 3681, 104, 62, 32, 21, 375, 1839, 16, 4293, 49, 363, 204, 13, 65, 598, 1156, 194, 40, 1805, 9, 26, 11, 49, 54, 32, 19, 140, 33, 518, 1358, 29, 1581, 63, 12, 22, 29, 693, 49, 203, 128, 1993, 61, 2403, 17, 31, 30, 1869, 1034, 22, 76, 145, 15, 16, 51, 692, 58, 17, 209, 147, 179, 67, 40, 69, 37, 39, 146, 53, 24, 9, 19, 27, 51, 30, 129, 382, 16, 80, 371, 222, 92, 47, 22, 20, 43, 210, 108, 58, 657, 30, 73, 29, 142, 387, 214, 44, 12, 274, 74, 183, 1255, 100, 602, 176, 112, 27, 27, 861, 28, 825, 117, 24, 419, 55, 515, 89, 31, 102, 26, 858, 9, 36, 43, 224, 944, 30, 36, 23, 258, 35, 126, 51, 133, 54, 1481, 16, 235, 426, 402, 20, 136, 114, 70, 228, 31, 24, 40, 102, 24, 140, 3397, 123, 28, 1130, 171, 56, 285, 1884, 239, 329, 17, 24, 1653, 2066, 16, 301, 39, 39, 43, 31, 10, 69, 473, 91, 711, 33, 88, 46, 1111, 20, 29, 348, 1282, 63, 19, 20, 111, 247, 31, 640, 13, 241, 17, 98, 38, 77, 46, 614, 1298, 169, 191, 46, 12, 1722, 76, 98, 31, 53, 76, 187, 33, 253, 184, 492, 33, 262, 372, 42, 240, 53, 66, 33, 94, 165, 188, 217, 365, 121, 48, 63, 42, 184, 39, 40, 60, 888, 7, 81, 27, 193, 249, 31, 279, 334, 956, 113, 148, 47, 250, 1067, 158, 254, 29, 86, 18, 288, 1276, 66, 269, 1696, 86, 20, 26, 429, 82, 9, 29, 40, 250, 363, 10, 31, 22, 42, 23, 207, 85, 797, 130, 16, 85, 84, 227, 37, 374, 32, 385, 101, 297, 162, 14, 18, 238, 53, 325, 911, 34, 503, 60, 24, 234, 128, 679, 34, 171, 263, 416, 60, 321, 58, 454, 9, 18, 102, 766, 31, 84, 13, 15, 1620, 16, 49, 49, 332, 390, 58, 154, 361, 534, 164, 50, 30, 1845, 37, 764, 695, 19, 776, 121, 76, 45, 308, 26, 517, 20, 32, 96, 67, 313, 51, 74, 321, 118, 213, 541, 19, 24, 70, 153, 84, 18, 33, 44, 125, 1877]



Heuristic 1  = False------Heuristic 2  = True-----------2019-02-24 02:09:47.906663

[47, 19, 87, 34, 119, 19, 43, 15, 28, 53, 455, 15, 16, 45, 27, 54, 27, 16, 10, 26, 17, 58, 41, 23, 13, 23, 45, 111, 24, 60, 20, 35, 52, 14, 171, 92, 26, 40, 11, 47, 1173, 17, 16, 26, 32, 220, 17, 29, 78, 181, 20, 24, 54, 15, 44, 57, 12, 20, 117, 42, 13, 11, 16, 18, 9, 19, 19, 38, 8, 11, 192, 37, 82, 15, 32, 9, 22, 13, 104, 49, 120, 40, 12, 108, 34, 30, 26, 11, 34, 27, 184, 32, 34, 20, 15, 111, 14, 49, 84, 17, 15, 58, 65, 48, 8, 7, 11, 27, 54, 30, 37, 25, 18, 25, 122, 14, 38, 31, 32, 31, 12, 125, 118, 10, 38, 39, 20, 49, 29, 74, 30, 16, 31, 18, 26, 22, 38, 28, 40, 140, 31, 60, 21, 15, 33, 183, 15, 242, 57, 15, 20, 25, 22, 21, 26, 13, 16, 151, 24, 19, 22, 16, 15, 78, 25, 111, 11, 47, 91, 44, 11, 73, 37, 12, 89, 22, 39, 23, 17, 20, 24, 688, 29, 23, 15, 14, 12, 61, 16, 26, 36, 40, 46, 10, 39, 16, 26, 70, 71, 58, 10, 12, 125, 14, 11, 17, 12, 123, 33, 20, 22, 55, 13, 12, 32, 11, 66, 10, 18, 16, 150, 11, 15, 30, 22, 27, 33, 23, 14, 67, 20, 25, 16, 30, 48, 11, 225, 10, 116, 23, 20, 24, 9, 107, 32, 54, 26, 19, 22, 43, 16, 77, 23, 82, 40, 19, 23, 10, 328, 322, 50, 183, 212, 15, 26, 25, 170, 35, 257, 27, 16, 14, 49, 15, 42, 30, 178, 35, 14, 72, 191, 77, 62, 24, 20, 24, 86, 18, 51, 9, 27, 75, 129, 19, 24, 10, 11, 9, 44, 54, 26, 72, 12, 23, 33, 143, 126, 8, 29, 13, 131, 37, 11, 72, 96, 16, 19, 20, 25, 30, 85, 26, 113, 14, 884, 68, 27, 36, 13, 23, 39, 27, 753, 12, 58, 26, 13, 12, 11, 19, 14, 44, 12, 11, 31, 24, 15, 241, 19, 12, 62, 43, 22, 11, 7, 23, 28, 31, 48, 24, 36, 142, 15, 45, 39, 9, 12, 15, 16, 36, 41, 21, 26, 32, 18, 14, 52, 25, 15, 17, 25, 20, 16, 8, 24, 20, 14, 137, 11, 35, 131, 33, 295, 154, 21, 15, 20, 27, 120, 285, 8, 209, 28, 19, 20, 82, 19, 15, 35, 80, 16, 48, 34, 64, 28, 66, 10, 24, 216, 30, 32, 73, 28, 76, 102, 21, 26, 21, 71, 22, 21, 14, 31, 18, 12, 9, 25, 29, 11, 19, 28, 70, 229, 96, 36, 32, 54, 7, 49, 16, 43, 40, 15, 89, 14, 58, 39, 19, 24, 33, 19, 14, 73, 57, 32, 76, 271, 63, 18, 32, 38, 36, 301, 23, 35, 22, 23, 13, 52, 26, 19, 38, 49, 43, 16, 228, 21, 45, 43, 23, 51, 25, 19, 61, 215, 80, 290, 14, 118, 92, 14, 10, 453, 122, 13, 14, 35, 57, 37, 64, 20, 10, 23, 347, 247, 17, 43, 62, 72, 11, 10, 29, 15, 9, 18, 36, 13, 124, 55, 26, 74, 31, 37, 10, 19, 14, 32, 74, 44, 50, 29, 18, 31, 56, 282, 32, 11, 14, 41, 19, 57, 56, 125, 22, 10, 43, 25, 37, 11, 20, 34, 47, 99, 25, 33, 11, 11, 12, 38, 24, 22, 47, 23, 53, 22, 84, 14, 401, 38, 303, 44, 35, 25, 21, 260, 65, 30, 66, 63, 64, 76, 66, 14, 19, 21, 11, 19, 90, 11, 30, 12, 36, 167, 21, 54, 22, 30, 40, 38, 72, 14, 95, 17, 13, 29, 89, 48, 21, 38, 30, 10, 32, 16, 45, 27, 21, 28, 16, 45, 18, 39, 33, 17, 9, 11, 10, 62, 31, 32, 30, 35, 36, 10, 20, 17, 54, 27, 11, 134, 28, 37, 14, 87, 364, 13, 91, 19, 45, 48, 24, 35, 19, 144, 102, 8, 27, 27, 65, 20, 13, 65, 32, 21, 27, 24, 92, 173, 29, 14, 22, 9, 19, 21, 220, 15, 36, 223, 155, 17, 714, 25, 12, 10, 195, 44, 19, 118, 61, 13, 26, 53, 66, 131, 32, 57, 13, 42, 8, 94, 52, 20, 35, 34, 149, 23, 9, 31, 23, 37, 16, 188, 46, 44, 50, 34, 132, 26, 29, 11, 15, 116, 48, 16, 45, 28, 16, 28, 9, 15, 92, 111, 56, 17, 55, 25, 25, 135, 72, 56, 121, 209, 13, 25, 90, 27, 46, 64, 13, 26, 74, 169, 61, 65, 81, 38, 344, 29, 14, 13, 25, 98, 38, 66, 9, 261, 11, 64, 20, 52, 111, 204, 22, 35, 138, 100, 51, 20, 49, 67, 151, 31, 11, 16, 22, 38, 78, 930, 53, 12, 56, 161, 125, 57, 27, 113, 80, 29, 13, 135, 103, 17, 122, 141, 15, 20, 27, 18, 26, 312, 82, 80, 71, 9, 23, 251, 61, 22, 22, 24, 37, 11, 8, 34, 36, 36, 266, 23, 57, 21, 18, 42, 139, 108, 196, 31, 32, 47, 63, 15, 21, 44, 65, 34, 30, 14, 68, 13, 467, 37, 18, 25, 155, 22, 28, 110, 133, 19, 76, 12, 28, 52, 44, 65, 11, 22, 311, 25, 10, 24, 19, 136, 164, 26, 20, 18, 44, 44, 12, 28, 28, 20, 32, 32, 100, 35, 22, 118, 19, 24, 79, 10, 111, 379, 55, 194, 145, 27, 62, 17, 14, 53, 11, 46, 51, 40, 180, 14, 24, 17, 137, 26, 177, 24, 161, 86, 24, 60, 67, 74, 19, 47, 43, 15, 109, 21, 28, 36, 16, 63, 20, 105, 18, 15, 49, 29, 8, 74, 27, 121, 10, 51, 43, 28, 28, 38, 74, 104, 30, 47, 22, 23, 119, 49, 175, 111, 137, 102, 35, 165, 29, 171, 10, 66, 34, 263, 156, 15, 40, 384, 12, 407, 125, 94, 154, 117, 67, 20, 30, 23, 86, 19, 427, 37, 47, 19, 25, 77, 30, 35, 71, 121, 61, 35, 42, 56, 21, 39, 9, 21, 32, 26]



Heuristic 1  = True------Heuristic 2  = False-----------2019-02-24 17:05:53.306303

[57, 29, 421, 33, 119, 32, 76, 15, 84, 1342, 173, 36, 13, 44, 117, 296, 12, 40, 32, 14, 19, 68, 93, 36, 59, 42, 49, 4620, 35, 43, 83, 72, 44, 45, 996, 1196, 23, 213, 40, 112, 24627, 21, 24, 18, 113, 881, 84, 26, 59, 409, 39, 19, 163, 27, 119, 174, 22, 24, 35, 1402, 93, 41, 34, 28, 21, 41, 49, 646, 20, 36, 7024, 15, 303, 43, 44, 24, 18, 25, 45, 59, 21, 389, 29, 238, 61, 10, 71, 86, 115, 165, 66, 69, 345, 22, 25, 230, 18, 57, 110, 25, 23, 62, 138, 11, 36, 31, 17, 1530, 5755, 53, 90, 16, 112, 48, 145, 23, 37, 38, 172, 24, 208, 878, 2534, 108, 20, 100, 38, 124, 50, 924, 39, 68, 131, 174, 24, 28, 65, 55, 237, 32, 48, 51, 33, 29, 38, 180, 20, 29, 647, 33, 41, 283, 165, 445, 44, 31, 257, 52, 56, 57, 37, 41, 23, 659, 70, 45, 47, 19, 1366, 70, 38, 235, 371, 21, 685, 24, 26, 65, 48, 22, 101, 404, 28, 7, 24, 306, 13, 26, 28, 86, 457, 17, 15, 74, 45, 50, 58, 214, 1342, 3237, 19, 55, 341, 44, 34, 52, 110, 851, 63, 21, 15, 162, 59, 55, 160, 386, 69, 27, 30, 237, 540, 50, 49, 38, 47, 66, 51, 30, 214, 167, 82, 248, 23, 363, 1964, 28, 238, 20, 922, 83, 31, 28, 69, 105, 198, 3453, 66, 63, 45, 173, 30, 1616, 11, 55, 72, 33, 33, 26, 34, 2615, 76, 31, 847, 29, 100, 12, 523, 208, 1093, 49, 20, 50, 71, 26, 92, 19, 1296, 108, 43, 117, 592, 1029, 15, 28, 43, 57, 125, 62, 423, 40, 47, 53, 262, 45, 10, 15, 88, 40, 19, 54, 38, 1153, 22, 21, 94, 1100, 486, 60, 74, 37, 21, 60, 13, 152, 534, 699, 45, 14, 14, 270, 28, 79, 58, 33, 3665, 1529, 72, 39, 72, 53, 90, 39, 797, 39, 1504, 71, 125, 369, 2622, 47, 38, 14, 28, 40, 29, 78, 232, 822, 45, 30, 203, 30, 32, 31, 36, 58, 97, 48, 31, 35, 125, 56, 29, 26, 499, 14, 33, 1586, 50, 95, 93, 47, 18, 597, 40, 39, 123, 25, 29, 25, 24, 10, 19, 96, 26, 169, 60, 64, 11, 462, 179, 91, 857, 404, 73, 91, 835, 13, 275, 1095, 14, 312, 51, 15, 29, 263, 24, 63, 89, 829, 14, 538, 34, 306, 67, 25, 79, 44, 499, 66, 29, 531, 25, 732, 40, 21, 359, 24, 84, 49, 27, 21, 732, 38, 234, 12, 42, 59, 34, 17, 56, 3828, 613, 58, 58, 262, 52, 23, 45, 33, 910, 6037, 22, 30, 54, 262, 51, 225, 21, 79, 55, 12, 16, 90, 179, 40, 2163, 362, 28, 142, 20, 62, 827, 968, 77, 38, 70, 1000, 344, 16, 97, 99, 6944, 69, 340, 45, 51, 22, 382, 23, 224, 18, 26, 87, 6329, 411, 50, 30, 457, 153, 24, 26, 42, 712, 50, 329, 22, 258, 53, 248, 253, 39, 15, 2421, 322, 31, 11, 26, 51, 121, 22, 12, 33, 11, 33, 17, 35, 242, 55, 47, 54, 123, 90, 63, 46, 49, 31, 21, 23, 68, 134, 39, 11, 62, 24, 113, 65, 23, 627, 10, 83, 51, 322, 31, 31, 725, 190, 120, 15, 57, 41, 36, 2715, 33, 593, 35, 39, 65, 8, 43, 405, 52, 213, 55, 116, 1953, 28, 222, 14, 3506, 56, 13, 34, 31, 56, 622, 35, 8, 276, 210, 354, 305, 8, 539, 113, 272, 36, 29, 81, 105, 16, 38, 204, 54, 89, 386, 859, 32, 32, 19, 16, 381, 598, 15, 498, 137, 173, 48, 98, 92, 25, 80, 47, 49, 26, 33, 84, 24, 17, 27, 167, 151, 46, 61, 20, 17, 86, 47, 17, 296, 27, 120, 15, 31, 19, 28, 56, 2452, 972, 71, 34, 22, 351, 1880, 16, 4076, 53, 290, 107, 34, 74, 622, 1368, 101, 34, 1573, 10, 52, 10, 92, 54, 34, 31, 124, 33, 268, 972, 53, 277, 60, 13, 22, 11, 467, 41, 213, 614, 1531, 39, 3368, 34, 203, 30, 1125, 94, 22, 65, 172, 15, 20, 34, 429, 222, 58, 275, 151, 177, 32, 42, 65, 37, 139, 93, 60, 31, 12, 24, 30, 51, 36, 253, 396, 591, 80, 53, 345, 82, 206, 23, 22, 55, 516, 116, 45, 661, 36, 63, 37, 311, 768, 230, 42, 13, 24, 31, 164, 822, 102, 610, 1061, 122, 28, 28, 724, 28, 605, 109, 22, 737, 38, 448, 57, 31, 131, 20, 216, 8, 47, 42, 273, 642, 28, 37, 18, 252, 32, 350, 122, 160, 132, 1453, 18, 391, 450, 384, 32, 216, 238, 14, 189, 18, 24, 40, 89, 23, 117, 4905, 150, 31, 859, 117, 52, 269, 448, 274, 28, 21, 63, 1406, 1020, 36, 332, 35, 41, 53, 26, 10, 68, 446, 48, 552, 33, 204, 40, 911, 57, 35, 58, 1357, 69, 21, 20, 120, 307, 26, 7984, 13, 263, 15, 100, 38, 243, 424, 671, 1891, 125, 171, 39, 19, 1161, 70, 179, 48, 72, 101, 15, 55, 263, 81, 512, 40, 261, 466, 61, 472, 55, 243, 37, 101, 48, 173, 162, 22, 129, 56, 70, 33, 383, 23, 56, 73, 1050, 7, 18, 29, 181, 260, 51, 298, 330, 918, 121, 52, 77, 17, 745, 152, 216, 31, 100, 53, 340, 1450, 166, 151, 1243, 65, 61, 26, 523, 78, 18, 29, 358, 80, 1245, 9, 31, 22, 40, 29, 208, 83, 738, 346, 16, 85, 76, 460, 68, 320, 32, 302, 405, 599, 152, 91, 20, 172, 34, 336, 1043, 13, 444, 60, 29, 242, 75, 160, 29, 165, 61, 398, 131, 472, 63, 334, 9, 43, 50, 616, 31, 90, 17, 12, 2470, 16, 58, 252, 222, 404, 72, 209, 228, 332, 253, 88, 20, 1997, 37, 2046, 759, 33, 524, 124, 29, 42, 40, 28, 973, 29, 36, 104, 67, 259, 82, 78, 382, 19, 208, 727, 19, 20, 69, 111, 222, 68, 16, 20, 133, 1431]



Heuristic 1  = False------Heuristic 2  = False-----------2019-02-24 21:33:02.351697

[0, 0, 0, 0, 0, 0, 0, 0, 0, 0, 0, 0, 0, 0, 0, 0, 0, 0, 0, 0, 0, 0, 0, 0, 0, 0, 0, 0, 0, 0, 0, 0, 0, 0, 0, 0, 0, 0, 0, 0, 0, 0, 0, 0, 0, 0, 0, 0, 0, 0, 0, 0, 0, 0, 0, 0, 0, 0, 0, 0, 0, 0, 0, 0, 0, 0, 0, 0, 0, 0, 0, 0, 0, 0, 0, 0, 0, 0, 0, 0, 0, 0, 0, 0, 0, 0, 0, 0, 0, 0, 0, 0, 0, 0, 0, 0, 0, 0, 0, 0, 0, 0, 0, 0, 0, 0, 0, 0, 0, 0, 0, 0, 0, 0, 0, 0, 0, 0, 0, 0, 0, 0, 0, 0, 0, 0, 0, 0, 0, 0, 0, 0, 0, 0, 0, 0, 0, 0, 0, 0, 0, 0, 0, 0, 0, 0, 0, 0, 0, 0, 0, 0, 0, 0, 0, 0, 0, 0, 0, 0, 0, 0, 0, 0, 0, 0, 0, 0, 0, 0, 0, 0, 0, 0, 0, 0, 0, 0, 0, 0, 0, 0, 0, 0, 0, 0, 0, 0, 0, 0, 0, 0, 0, 0, 0, 0, 0, 0, 0, 0, 0, 0, 0, 0, 0, 0, 0, 0, 0, 0, 0, 0, 0, 0, 0, 0, 0, 0, 0, 0, 0, 0, 0, 0, 0, 0, 0, 0, 0, 0, 0, 0, 0, 0, 0, 0, 0, 0, 0, 0, 0, 0, 0, 0, 0, 0, 0, 0, 0, 0, 0, 0, 0, 0, 0, 0, 0, 0, 0, 0, 0, 0, 0, 0, 0, 0, 0, 0, 0, 0, 0, 0, 0, 0, 0, 0, 0, 0, 0, 0, 0, 0, 0, 0, 0, 0, 0, 0, 0, 0, 0, 0, 0, 0, 0, 0, 0, 0, 0, 0, 0, 0, 0, 0, 0, 0, 0, 0, 0, 0, 0, 0, 0, 0, 0, 0, 0, 0, 0, 0, 0, 0, 0, 0, 0, 0, 0, 0, 0, 0, 0, 0, 0, 0, 0, 0, 0, 0, 0, 0, 0, 0, 0, 0, 0, 0, 0, 0, 0, 0, 0, 0, 0, 0, 0, 0, 0, 0, 0, 0, 0, 0, 0, 0, 0, 0, 0, 0, 0, 0, 0, 0, 0, 0, 0, 0, 0, 0, 0, 0, 0, 0, 0, 0, 0, 0, 0, 0, 0, 0, 0, 0, 0, 0, 0, 0, 0, 0, 0, 0, 0, 0, 0, 0, 0, 0, 0, 0, 0, 0, 0, 0, 0, 0, 0, 0, 0, 0, 0, 0, 0, 0, 0, 0, 0, 0, 0, 0, 0, 0, 0, 0, 0, 0, 0, 0, 0, 0, 0, 0, 0, 0, 0, 0, 0, 0, 0, 0, 0, 0, 0, 0, 0, 0, 0, 0, 0, 0, 0, 0, 0, 0, 0, 0, 0, 0, 0, 0, 0, 0, 0, 0, 0, 0, 0, 0, 0, 0, 0, 0, 0, 0, 0, 0, 0, 0, 0, 0, 0, 0, 0, 0, 0, 0, 0, 0, 0, 0, 0, 0, 0, 0, 0, 0, 0, 0, 0, 0, 0, 0, 0, 0, 0, 0, 0, 0, 0, 0, 0, 0, 0, 0, 0, 0, 0, 0, 0, 0, 0, 0, 0, 0, 0, 0, 0, 0, 0, 0, 0, 0, 0, 0, 0, 0, 0, 0, 0, 0, 0, 0, 0, 0, 0, 0, 0, 0, 0, 0, 0, 0, 0, 0, 0, 0, 0, 0, 0, 0, 0, 0, 0, 0, 0, 0, 0, 0, 0, 0, 0, 0, 0, 0, 0, 0, 0, 0, 0, 0, 0, 0, 0, 0, 0, 0, 0, 0, 0, 0, 0, 0, 0, 0, 0, 0, 0, 0, 0, 0, 0, 0, 0, 0, 0, 0, 0, 0, 0, 0, 0, 0, 0, 0, 0, 0, 0, 0, 0, 0, 0, 0, 0, 0, 0, 0, 0, 0, 0, 0, 0, 0, 0, 0, 0, 0, 0, 0, 0, 0, 0, 0, 0, 0, 0, 0, 0, 0, 0, 0, 0, 0, 0, 0, 0, 0, 0, 0, 0, 0, 0, 0, 0, 0, 0, 0, 0, 0, 0, 0, 0, 0, 0, 0, 0, 0, 0, 0, 0, 0, 0, 0, 0, 0, 0, 0, 0, 0, 0, 0, 0, 0, 0, 0, 0, 0, 0, 0, 0, 0, 0, 0, 0, 0, 0, 0, 0, 0, 0, 0, 0, 0, 0, 0, 0, 0, 0, 0, 0, 0, 0, 0, 0, 0, 0, 0, 0, 0, 0, 0, 0, 0, 0, 0, 0, 0, 0, 0, 0, 0, 0, 0, 0, 0, 0, 0, 0, 0, 0, 0, 0, 0, 0, 0, 0, 0, 0, 0, 0, 0, 0, 0, 0, 0, 0, 0, 0, 0, 0, 0, 0, 0, 0, 0, 0, 0, 0, 0, 0, 0, 0, 0, 0, 0, 0, 0, 0, 0, 0, 0, 0, 0, 0, 0, 0, 0, 0, 0, 0, 0, 0, 0, 0, 0, 0, 0, 0, 0, 0, 0, 0, 0, 0, 0, 0, 0, 0, 0, 0, 0, 0, 0, 0, 0, 0, 0, 0, 0, 0, 0, 0, 0, 0, 0, 0, 0, 0, 0, 0, 0, 0, 0, 0, 0, 0, 0, 0, 0, 0, 0, 0, 0, 0, 0, 0, 0, 0, 0, 0, 0, 0, 0, 0, 0, 0, 0, 0, 0, 0, 0, 0, 0, 0, 0, 0, 0, 0, 0, 0, 0, 0, 0, 0, 0, 0, 0, 0, 0, 0, 0, 0, 0, 0, 0, 0, 0, 0, 0, 0, 0, 0, 0, 0, 0, 0, 0, 0, 0, 0, 0, 0, 0, 0, 0, 0, 0, 0, 0, 0, 0, 0, 0, 0, 0, 0, 0, 0, 0, 0, 0, 0, 0, 0, 0, 0, 0, 0, 0, 0, 0, 0, 0, 0, 0, 0, 0, 0, 0, 0, 0, 0, 0, 0, 0, 0, 0, 0, 0, 0, 0, 0, 0, 0, 0, 0, 0, 0, 0, 0, 0, 0, 0, 0, 0, 0, 0, 0, 0, 0, 0, 0, 0, 0, 0, 0, 0, 0, 0, 0, 0, 0, 0, 0, 0, 0, 0, 0, 0, 0, 0, 0, 0, 0]



Heuristic 1  = False------Heuristic 2  = False-----------2019-02-24 21:33:31.956731

[126]



Heuristic 1  = True------Heuristic 2  = False-----------2019-02-24 21:37:55.117649

[425]



Heuristic 1  = False------Heuristic 2  = True-----------2019-02-24 21:39:12.621058

[1387]



Heuristic 1  = False------Heuristic 2  = False-----------2019-02-25 01:20:36.276010------------seed = 1

[13, 49, 32, 25, 50, 113, 57, 23, 26, 100, 481, 12, 29, 19, 18, 54, 20, 18, 14, 23, 18, 69, 27, 19, 31, 35, 75, 348, 24, 16, 45, 36, 47, 40, 93, 396, 17, 108, 16, 12, 179, 17, 22, 26, 20, 44, 31, 20, 256, 108, 20, 19, 32, 20, 63, 214, 17, 21, 138, 93, 47, 22, 20, 38, 18, 34, 33, 118, 16, 13, 407, 35, 49, 105, 37, 13, 33, 16, 121, 26, 57, 12, 14, 23, 22, 52, 48, 92, 21, 64, 51, 47, 37, 20, 29, 72, 21, 35, 34, 22, 17, 66, 40, 29, 18, 21, 14, 18, 434, 35, 44, 24, 31, 38, 46, 25, 13, 31, 24, 69, 38, 57, 217, 40, 40, 86, 23, 78, 46, 74, 56, 33, 47, 63, 9, 20, 75, 16, 72, 38, 36, 60, 44, 24, 35, 56, 16, 87, 61, 23, 32, 38, 26, 91, 18, 32, 61, 25, 48, 16, 34, 17, 22, 88, 39, 47, 102, 34, 56, 45, 32, 145, 29, 21, 96, 45, 29, 25, 62, 28, 62, 63, 9, 21, 19, 83, 12, 38, 35, 47, 512, 27, 47, 38, 21, 55, 41, 45, 38, 325, 11, 47, 66, 65, 30, 47, 17, 120, 26, 37, 41, 56, 17, 64, 61, 383, 7, 19, 23, 39, 27, 22, 23, 15, 47, 16, 27, 29, 68, 38, 32, 103, 33, 11, 23, 33, 57, 15, 53, 37, 17, 31, 52, 111, 62, 329, 49, 25, 27, 36, 46, 187, 18, 73, 24, 57, 26, 33, 69, 80, 14, 80, 55, 28, 58, 42, 95, 76, 86, 32, 19, 17, 38, 22, 43, 26, 44, 27, 12, 105, 72, 77, 129, 13, 17, 19, 70, 57, 92, 49, 33, 35, 32, 16, 46, 28, 19, 24, 117, 69, 29, 44, 34, 91, 22, 57, 119, 31, 46, 38, 89, 15, 12, 32, 32, 121, 26, 15, 44, 13, 110, 247, 89, 17, 543, 59, 39, 24, 28, 20, 29, 20, 507, 20, 17, 34, 38, 58, 182, 32, 19, 31, 19, 21, 32, 30, 41, 202, 30, 38, 14, 27, 40, 13, 45, 68, 50, 45, 71, 33, 34, 56, 17, 23, 36, 13, 28, 36, 33, 87, 73, 20, 10, 250, 10, 29, 15, 10, 20, 17, 29, 9, 23, 20, 64, 120, 149, 135, 17, 10, 208, 65, 45, 25, 28, 86, 32, 21, 101, 38, 13, 91, 62, 25, 58, 20, 15, 46, 38, 167, 18, 33, 11, 115, 11, 81, 25, 44, 67, 17, 31, 50, 26, 39, 46, 50, 71, 16, 24, 18, 20, 11, 11, 12, 46, 12, 43, 27, 10, 18, 41, 36, 63, 101, 114, 65, 31, 22, 31, 36, 60, 216, 28, 46, 17, 60, 136, 116, 23, 38, 92, 8, 30, 68, 43, 20, 705, 61, 23, 29, 45, 36, 328, 53, 25, 25, 48, 20, 50, 35, 85, 192, 127, 27, 32, 50, 34, 35, 44, 20, 76, 54, 37, 28, 575, 16, 20, 15, 40, 122, 19, 19, 24, 118, 128, 23, 22, 46, 17, 86, 29, 30, 17, 171, 229, 17, 17, 48, 78, 31, 24, 46, 9, 11, 30, 53, 42, 43, 147, 42, 15, 53, 38, 19, 27, 39, 187, 61, 47, 32, 20, 46, 17, 85, 62, 15, 18, 44, 32, 29, 35, 21, 38, 15, 14, 239, 48, 34, 18, 25, 36, 41, 187, 24, 66, 44, 32, 65, 53, 30, 42, 25, 36, 51, 32, 108, 12, 26, 15, 163, 55, 29, 27, 12, 150, 45, 27, 28, 58, 95, 74, 341, 12, 106, 22, 69, 18, 61, 13, 102, 16, 20, 142, 26, 41, 44, 175, 30, 16, 59, 43, 119, 45, 14, 198, 11, 48, 48, 36, 90, 16, 42, 17, 36, 21, 43, 30, 38, 66, 21, 24, 97, 33, 20, 24, 20, 29, 53, 13, 32, 25, 48, 15, 20, 25, 22, 37, 166, 79, 25, 18, 17, 37, 83, 36, 66, 47, 18, 197, 28, 22, 97, 29, 81, 20, 126, 35, 38, 29, 50, 17, 16, 22, 33, 26, 35, 130, 24, 227, 12, 67, 31, 18, 173, 77, 32, 47, 177, 34, 76, 13, 85, 26, 158, 35, 39, 149, 118, 9, 20, 69, 59, 53, 10, 12, 13, 105, 30, 37, 85, 22, 30, 46, 73, 28, 19, 15, 38, 10, 35, 47, 238, 61, 54, 81, 20, 17, 56, 65, 31, 28, 22, 39, 33, 93, 34, 29, 22, 28, 20, 55, 78, 21, 40, 20, 88, 213, 51, 67, 66, 167, 100, 65, 29, 18, 185, 48, 105, 126, 13, 17, 40, 79, 95, 15, 11, 17, 27, 21, 41, 93, 35, 117, 12, 72, 25, 107, 12, 40, 78, 104, 22, 60, 47, 20, 91, 120, 16, 39, 141, 46, 14, 17, 21, 25, 155, 249, 18, 13, 69, 28, 96, 72, 24, 92, 41, 31, 42, 26, 36, 39, 60, 357, 15, 16, 22, 10, 17, 213, 27, 90, 149, 68, 60, 40, 33, 24, 105, 38, 18, 34, 18, 18, 49, 13, 210, 22, 46, 28, 16, 33, 83, 167, 101, 38, 37, 57, 45, 19, 39, 37, 55, 28, 25, 42, 30, 36, 328, 40, 65, 58, 185, 70, 37, 97, 24, 43, 23, 11, 31, 33, 61, 64, 54, 34, 148, 68, 30, 32, 37, 108, 104, 26, 55, 15, 28, 26, 29, 94, 36, 102, 64, 23, 12, 23, 30, 262, 31, 12, 29, 43, 57, 80, 107, 34, 65, 45, 83, 18, 19, 85, 78, 80, 72, 79, 257, 12, 10, 16, 88, 43, 139, 34, 16, 29, 19, 50, 100, 101, 45, 34, 16, 24, 170, 174, 43, 44, 20, 158, 26, 125, 13, 10, 8, 16, 10, 38, 48, 149, 21, 50, 150, 36, 93, 23, 44, 70, 15, 18, 52, 55, 72, 20, 61, 20, 46, 137, 17, 125, 81, 15, 81, 66, 16, 120, 64, 95, 26, 293, 31, 192, 142, 21, 34, 15, 48, 28, 115, 32, 24, 16, 211, 8, 16, 32, 13, 35, 58, 62, 18, 43, 61, 24, 32, 19, 43, 33, 33, 7, 10, 145]



Heuristic 1  = True------Heuristic 2  = False-----------2019-02-25 01:47:58.210454------------seed = 1

[34, 50, 28, 16, 35, 16, 23, 19, 25, 51, 96, 21, 12, 17, 30, 43, 12, 20, 17, 16, 18, 69, 42, 41, 29, 23, 15, 31, 19, 21, 26, 23, 37, 26, 53, 43, 34, 24, 12, 17, 12, 14, 13, 27, 31, 34, 28, 23, 80, 43, 19, 17, 29, 18, 26, 38, 15, 14, 33, 65, 40, 16, 13, 20, 19, 61, 21, 30, 20, 17, 100, 34, 17, 60, 22, 18, 21, 15, 56, 30, 51, 29, 24, 83, 28, 19, 27, 32, 20, 54, 86, 34, 71, 24, 28, 46, 26, 31, 42, 11, 25, 23, 35, 29, 17, 18, 12, 25, 15, 25, 36, 20, 52, 24, 27, 21, 25, 19, 21, 20, 16, 54, 57, 13, 14, 37, 19, 18, 27, 62, 16, 17, 25, 152, 14, 14, 25, 25, 16, 27, 19, 16, 50, 18, 25, 59, 18, 94, 17, 13, 15, 30, 33, 58, 24, 24, 19, 16, 24, 21, 21, 21, 16, 31, 15, 62, 30, 20, 162, 22, 23, 111, 38, 36, 28, 19, 38, 85, 53, 15, 36, 165, 19, 20, 13, 49, 18, 33, 19, 30, 18, 37, 24, 20, 14, 24, 30, 26, 62, 95, 23, 14, 30, 40, 15, 18, 23, 68, 26, 36, 26, 44, 23, 13, 25, 89, 25, 13, 16, 16, 19, 19, 32, 16, 34, 20, 21, 19, 34, 23, 21, 56, 17, 23, 95, 23, 57, 17, 41, 39, 16, 20, 22, 47, 32, 63, 20, 24, 25, 71, 21, 20, 13, 40, 26, 19, 28, 18, 27, 27, 21, 25, 32, 13, 24, 25, 61, 92, 10, 28, 18, 13, 18, 11, 30, 17, 41, 27, 18, 47, 69, 70, 16, 16, 17, 23, 30, 29, 15, 18, 28, 56, 24, 13, 16, 15, 20, 17, 48, 30, 23, 33, 23, 59, 40, 11, 58, 27, 20, 28, 27, 30, 9, 26, 26, 74, 27, 25, 23, 20, 19, 23, 38, 20, 340, 27, 28, 18, 13, 49, 31, 23, 20, 25, 46, 35, 17, 22, 53, 24, 15, 15, 15, 19, 18, 16, 17, 85, 26, 12, 15, 17, 22, 18, 11, 26, 36, 17, 24, 18, 36, 34, 17, 45, 42, 14, 44, 43, 40, 34, 59, 19, 29, 61, 18, 17, 19, 19, 9, 14, 13, 13, 12, 31, 21, 34, 77, 57, 17, 69, 95, 18, 27, 19, 33, 29, 24, 21, 93, 30, 13, 17, 17, 24, 17, 44, 15, 21, 18, 33, 17, 29, 31, 46, 32, 74, 103, 35, 29, 14, 18, 99, 24, 37, 33, 29, 21, 17, 17, 29, 24, 13, 62, 21, 13, 21, 12, 34, 15, 12, 20, 56, 136, 29, 79, 11, 12, 26, 21, 18, 63, 108, 25, 37, 38, 41, 27, 26, 23, 18, 28, 12, 32, 12, 31, 22, 46, 23, 18, 27, 25, 23, 72, 15, 31, 26, 34, 20, 47, 24, 79, 66, 47, 20, 61, 37, 37, 26, 14, 15, 40, 41, 17, 13, 77, 103, 74, 22, 30, 64, 18, 25, 41, 28, 60, 14, 18, 32, 28, 45, 29, 14, 14, 72, 77, 20, 33, 20, 27, 29, 15, 23, 13, 11, 22, 30, 32, 77, 75, 33, 15, 36, 40, 18, 22, 18, 24, 51, 36, 26, 29, 14, 35, 29, 46, 26, 24, 22, 36, 16, 52, 19, 48, 16, 12, 54, 32, 17, 15, 15, 23, 30, 48, 10, 43, 30, 26, 26, 20, 17, 26, 25, 37, 35, 28, 39, 24, 25, 19, 133, 18, 17, 31, 17, 24, 28, 32, 22, 24, 43, 64, 139, 14, 14, 14, 47, 14, 113, 18, 38, 12, 27, 52, 15, 17, 53, 111, 28, 14, 32, 17, 15, 30, 12, 22, 68, 31, 13, 18, 44, 22, 48, 17, 27, 18, 25, 51, 22, 20, 16, 51, 34, 20, 16, 28, 20, 34, 33, 16, 18, 22, 28, 18, 16, 10, 45, 40, 18, 60, 20, 10, 16, 31, 35, 13, 135, 23, 57, 136, 30, 49, 31, 25, 60, 16, 30, 16, 30, 20, 29, 24, 29, 24, 19, 26, 87, 80, 26, 83, 23, 26, 22, 8, 112, 21, 31, 131, 50, 30, 19, 17, 27, 50, 41, 14, 19, 133, 47, 14, 36, 32, 50, 19, 25, 41, 31, 18, 18, 23, 45, 24, 18, 51, 56, 31, 32, 15, 18, 34, 21, 34, 34, 20, 55, 20, 32, 35, 49, 32, 18, 32, 51, 34, 22, 19, 25, 18, 18, 32, 76, 13, 56, 17, 25, 31, 22, 53, 50, 17, 32, 62, 16, 26, 40, 15, 22, 44, 28, 22, 14, 35, 17, 27, 40, 24, 130, 35, 28, 16, 27, 44, 59, 21, 14, 21, 14, 75, 60, 18, 49, 45, 17, 18, 49, 24, 61, 47, 11, 124, 90, 30, 16, 19, 39, 24, 30, 42, 10, 19, 48, 25, 47, 14, 105, 50, 31, 24, 41, 52, 88, 26, 41, 44, 17, 19, 16, 15, 38, 28, 19, 42, 43, 36, 51, 111, 41, 20, 24, 54, 36, 29, 14, 30, 28, 14, 66, 20, 32, 13, 20, 26, 36, 50, 168, 45, 16, 22, 71, 14, 19, 24, 19, 22, 21, 12, 21, 32, 48, 62, 44, 21, 56, 25, 27, 31, 80, 27, 23, 34, 32, 25, 48, 51, 30, 40, 77, 69, 26, 26, 33, 49, 13, 28, 36, 21, 25, 17, 18, 25, 23, 26, 20, 49, 17, 42, 20, 53, 23, 20, 27, 37, 36, 77, 56, 74, 15, 37, 94, 32, 27, 63, 32, 34, 37, 37, 21, 14, 33, 14, 28, 13, 42, 25, 48, 38, 19, 36, 27, 16, 27, 77, 40, 21, 83, 19, 54, 20, 21, 24, 18, 35, 25, 10, 32, 58, 11, 21, 18, 71, 37, 45, 41, 30, 34, 51, 48, 40, 21, 56, 19, 38, 32, 23, 113, 75, 28, 47, 14, 91, 45, 19, 53, 49, 22, 57, 35, 38, 22, 108, 27, 94, 103, 16, 46, 39, 31, 35, 41, 43, 76, 14, 97, 13, 31, 62, 11, 48, 25, 20, 61, 34, 24, 41, 17, 34, 16, 44, 24, 35, 13, 86]



Heuristic 1  = True------Heuristic 2  = False-----------2019-02-25 02:44:15.591254------------seed = 2

[31, 51, 11, 17, 35, 14, 23, 24, 25, 44, 98, 22, 27, 22, 32, 43, 16, 20, 17, 16, 22, 27, 40, 41, 16, 23, 15, 27, 19, 21, 26, 23, 47, 22, 51, 45, 34, 23, 20, 17, 12, 14, 13, 22, 31, 34, 36, 23, 81, 45, 19, 17, 24, 18, 25, 35, 17, 15, 33, 68, 41, 19, 13, 20, 19, 55, 20, 34, 20, 17, 95, 34, 17, 57, 22, 16, 26, 17, 62, 30, 55, 25, 23, 104, 30, 19, 27, 31, 17, 54, 82, 34, 47, 19, 24, 48, 26, 34, 43, 11, 25, 23, 35, 26, 17, 18, 11, 25, 15, 37, 37, 20, 52, 15, 28, 21, 17, 19, 21, 20, 15, 54, 57, 13, 14, 33, 22, 13, 27, 57, 16, 17, 25, 24, 14, 13, 25, 25, 19, 24, 17, 16, 38, 18, 25, 59, 15, 112, 17, 13, 15, 30, 34, 56, 24, 25, 21, 16, 24, 19, 18, 24, 16, 29, 15, 60, 30, 20, 70, 25, 23, 156, 24, 38, 56, 19, 38, 85, 43, 15, 27, 109, 19, 20, 13, 49, 18, 22, 19, 30, 24, 37, 24, 20, 14, 24, 24, 26, 51, 74, 19, 14, 30, 36, 13, 20, 23, 55, 29, 36, 13, 44, 18, 13, 26, 85, 32, 13, 16, 17, 19, 16, 23, 25, 30, 20, 18, 19, 39, 57, 21, 48, 25, 23, 97, 23, 81, 15, 41, 39, 16, 15, 22, 47, 32, 55, 20, 28, 25, 71, 21, 39, 13, 39, 25, 19, 27, 18, 72, 29, 26, 32, 24, 13, 24, 25, 61, 86, 13, 34, 18, 14, 19, 11, 30, 17, 41, 27, 19, 31, 70, 99, 16, 16, 19, 23, 29, 34, 15, 18, 27, 39, 24, 13, 16, 15, 19, 13, 48, 28, 23, 26, 23, 59, 10, 11, 58, 27, 18, 26, 27, 30, 10, 26, 22, 42, 20, 25, 23, 21, 19, 15, 38, 20, 318, 27, 26, 27, 11, 44, 31, 23, 20, 25, 46, 35, 17, 22, 53, 24, 15, 15, 15, 19, 18, 16, 13, 52, 26, 18, 15, 17, 20, 18, 11, 25, 36, 18, 37, 19, 36, 34, 25, 45, 42, 17, 21, 43, 45, 34, 54, 19, 29, 45, 17, 23, 20, 19, 9, 14, 13, 13, 17, 28, 21, 36, 75, 102, 14, 73, 72, 20, 27, 21, 15, 28, 17, 21, 77, 30, 13, 17, 17, 35, 17, 44, 13, 21, 22, 33, 17, 29, 27, 51, 32, 50, 104, 27, 29, 14, 45, 104, 24, 37, 33, 19, 22, 19, 21, 31, 23, 12, 51, 21, 13, 21, 12, 28, 19, 12, 20, 39, 168, 31, 79, 11, 12, 26, 23, 18, 63, 110, 25, 39, 36, 36, 40, 25, 23, 18, 38, 12, 32, 12, 29, 22, 51, 23, 20, 27, 25, 23, 31, 33, 27, 17, 24, 20, 16, 24, 55, 66, 56, 20, 61, 37, 36, 26, 14, 18, 38, 43, 17, 13, 79, 44, 69, 22, 28, 65, 18, 23, 42, 29, 58, 14, 18, 32, 27, 35, 25, 14, 24, 79, 79, 20, 31, 50, 28, 19, 15, 21, 13, 11, 23, 23, 31, 73, 72, 28, 12, 37, 27, 17, 30, 18, 18, 48, 36, 26, 29, 19, 35, 27, 46, 26, 24, 22, 71, 16, 52, 19, 48, 22, 12, 54, 32, 17, 15, 15, 23, 30, 52, 15, 44, 30, 26, 28, 22, 17, 26, 25, 39, 21, 24, 30, 24, 16, 19, 135, 18, 17, 26, 17, 24, 28, 32, 23, 24, 41, 67, 156, 14, 14, 28, 47, 14, 70, 30, 38, 16, 28, 54, 14, 15, 37, 78, 28, 14, 32, 17, 15, 75, 12, 22, 68, 43, 14, 18, 44, 13, 32, 18, 27, 12, 27, 82, 23, 57, 16, 53, 34, 29, 14, 28, 20, 34, 40, 16, 20, 22, 26, 17, 15, 10, 45, 22, 20, 64, 20, 10, 18, 31, 33, 13, 88, 21, 57, 138, 22, 49, 30, 31, 32, 16, 36, 17, 26, 22, 24, 23, 24, 24, 18, 26, 92, 80, 26, 81, 23, 26, 19, 10, 108, 21, 34, 140, 56, 35, 19, 17, 27, 54, 42, 14, 20, 121, 43, 14, 34, 33, 50, 31, 25, 41, 30, 27, 19, 23, 45, 28, 37, 38, 29, 20, 30, 13, 18, 34, 22, 39, 36, 15, 34, 20, 41, 35, 49, 35, 18, 78, 51, 34, 22, 19, 25, 18, 17, 32, 66, 21, 58, 17, 25, 39, 29, 51, 52, 17, 32, 84, 16, 24, 40, 15, 38, 42, 28, 22, 16, 14, 24, 27, 40, 24, 165, 35, 26, 16, 27, 44, 55, 21, 14, 21, 14, 34, 60, 21, 49, 44, 24, 34, 47, 24, 49, 47, 12, 126, 88, 30, 16, 19, 38, 34, 30, 47, 10, 24, 52, 27, 54, 14, 124, 56, 28, 19, 34, 79, 66, 52, 32, 40, 17, 19, 16, 15, 37, 28, 19, 40, 41, 36, 51, 113, 40, 21, 24, 63, 43, 27, 14, 32, 30, 18, 66, 20, 31, 13, 20, 31, 35, 50, 133, 30, 16, 22, 64, 16, 20, 26, 19, 22, 26, 13, 21, 32, 50, 60, 48, 21, 49, 25, 27, 31, 84, 27, 17, 34, 38, 25, 48, 51, 12, 38, 69, 54, 26, 26, 22, 49, 13, 28, 36, 21, 27, 17, 26, 27, 23, 26, 18, 51, 17, 42, 20, 19, 23, 21, 27, 37, 32, 75, 58, 74, 15, 37, 84, 27, 26, 63, 34, 43, 37, 37, 20, 10, 33, 14, 28, 13, 36, 25, 37, 39, 19, 36, 34, 16, 27, 86, 21, 22, 83, 19, 54, 10, 19, 24, 18, 44, 25, 10, 38, 53, 15, 18, 17, 94, 23, 45, 39, 30, 34, 54, 50, 49, 29, 28, 19, 38, 32, 24, 113, 71, 31, 47, 14, 107, 38, 16, 28, 51, 21, 56, 20, 29, 22, 61, 28, 90, 70, 19, 46, 39, 32, 35, 24, 29, 67, 14, 88, 18, 48, 62, 11, 48, 23, 20, 65, 34, 24, 41, 20, 30, 15, 44, 24, 34, 13, 88]



Heuristic 1  = False------Heuristic 2  = False-----------2019-02-25 03:07:41.682176-----------seed = 1

[81]



Heuristic 1  = False------Heuristic 2  = True-----------2019-02-25 03:07:50.725400-----------seed = 1

[119]



Heuristic 1  = False------Heuristic 2  = True-----------2019-02-25 03:07:57.729834-----------seed = 1

[119]



Heuristic 1  = True------Heuristic 2  = False-----------2019-02-25 03:08:03.232510-----------seed = 1

[35]



Heuristic 1  = True------Heuristic 2  = False-----------2019-02-25 03:08:05.864394-----------seed = 1

[35]



Heuristic 1  = True------Heuristic 2  = False-----------2019-02-25 03:08:09.204057-----------seed = 1

[35]



Heuristic 1  = True------Heuristic 2  = False-----------2019-02-25 03:08:11.349674-----------seed = 1

[35]



Heuristic 1  = True------Heuristic 2  = False-----------2019-02-25 03:08:13.509886-----------seed = 1

[35]



Heuristic 1  = True------Heuristic 2  = False-----------2019-02-25 03:08:15.506832-----------seed = 1

[35]



